"bloodysnowx"
"1956	3.58	894	1038	24	390	802	0.51	1678	276622	3741	764	461618	209"
"ehou_maki"
"244	2.42	107	133	4	45	44	0.22	230	12095	625	51	28015	20"
"khiro256"
"2261	3.82	1128	1109	24	632	1478	0.91	1788	564966	4279	2087	544523	604"
"LOHZ"
"1135	3.3	583	536	16	295	478	0.57	786	157029	685	444	197593	267"
"mamastan"
"654	3.52	289	354	11	179	277	0.58	246	94678	534	185	131154	152"
"cocota24"
"654	3.02	306	340	8	72	137	0.24	704	42614	609	76	85992	51"
"DForrester"
"1071	3.55	500	555	16	296	364	0.47	910	131739	1071	790	211429	165"
"watashiehou"
"58	1.14	28	27	3	10	7	0.15	37	947	35	39	4445	53"
"mikoshi_fighter"
"800	3.31	381	409	10	187	401	0.65	851	126636	1326	391	213431	311"
"okaotank"
"1120	3.25	545	557	18	167	261	0.27	1358	86443	1243	180	186816	75"
"lower_animals"
"189	2.33	90	97	2	37	23	0.15	131	5517	208	72	21509	63"
"willkatz"
"64	2.44	26	37	1	13	7	0.14	41	801	0	0	8186	0"
"skmswitch"
