"bloodysnowx"
"1998	3.59	913	1061	24	396	823	0.51	1719	284124	3815	764	473656	223"
"ehou_maki"
"267	2.55	118	145	4	49	49	0.22	236	14514	644	51	31572	24"
"khiro256"
"2277	3.82	1133	1120	24	635	1487	0.91	1801	570677	4279	2087	548356	620"
"LOHZ"
"1135	3.3	583	536	16	295	478	0.57	786	157029	685	444	197593	260"
"mamastan"
"654	3.52	289	354	11	179	277	0.58	246	94678	534	185	131154	159"
"cocota24"
"656	3.02	308	340	8	73	139	0.24	706	42794	609	76	86376	51"
"DForrester"
"1165	3.72	536	612	17	317	392	0.46	978	149460	1136	790	241308	171"
"watashiehou"
"58	1.14	28	27	3	10	7	0.15	37	947	35	39	4445	55"
"mikoshi_fighter"
"836	3.34	399	426	11	198	424	0.66	886	136996	1405	429	225148	360"
"okaotank"
"1120	3.25	545	557	18	167	261	0.27	1358	86443	1243	180	186816	72"
"lower_animals"
"209	2.44	100	107	2	44	24	0.15	138	6096	213	84	24445	64"
"willkatz"
"64	2.44	26	37	1	13	7	0.14	41	801	0	0	8186	0"
"skmswitch"
