"bloodysnowx"
"4013	4.15	1928	2048	37	905	2196	0.71	3733	938544	7179	1708	1291547	453"
"ehou_maki"
"476	3.35	211	259	6	85	118	0.3	324	36208	1058	74	61561	34"
"khiro256"
"2677	3.96	1343	1304	30	767	1843	0.96	2056	742824	4936	2741	681558	668"
"LOHZ"
"1596	3.67	810	764	22	416	733	0.62	1128	289821	890	733	348613	349"
"mamastan"
"2143	4.78	1026	1089	28	538	1182	0.74	1517	649116	1474	984	724397	459"
"cocota24"
"1659	3.85	794	848	17	248	583	0.41	1567	234989	1523	609	386604	208"
"DForrester"
"1759	4.27	812	922	25	462	678	0.52	1508	336570	1730	1398	472168	297"
"watashiehou"
"67	1.19	32	32	3	12	10	0.18	43	1322	35	39	5362	52"
"mikoshi_fighter"
"2667	4.39	1347	1288	32	805	2222	1.19	2589	1101975	3789	2275	1138645	915"
"okaotank"
"2704	4.12	1283	1383	38	475	953	0.43	2762	508168	3050	699	637220	267"
"lower_animals"
"644	3.21	288	346	10	170	113	0.24	339	35425	564	323	84463	40"
"willkatz"
"208	3.22	86	118	4	50	27	0.17	106	8461	46	20	30834	9"
"skmswitch"
"280	1.7	111	160	9	58	39	0.18	148	6334	297	6	23699	0"
"jakky2014"
"408	1.34	174	225	9	133	73	0.27	169	9721	90	254	34060	5"
