"bloodysnowx"
"2459	3.78	1124	1308	27	497	1078	0.55	2171	400513	4654	910	636436	261"
"ehou_maki"
"328	2.82	154	170	4	64	73	0.28	257	20357	864	54	41169	50"
"khiro256"
"2420	3.89	1209	1185	26	683	1594	0.92	1902	631189	4578	2307	592284	638"
"LOHZ"
"1398	3.54	712	666	20	367	632	0.61	973	232068	726	529	288425	318"
"mamastan"
"1109	4.07	509	587	13	305	561	0.7	537	235095	841	382	290558	305"
"cocota24"
"1046	3.4	505	528	13	139	274	0.3	1030	95514	924	289	188785	87"
"DForrester"
"1389	3.88	644	726	19	369	497	0.49	1175	197084	1245	1038	318798	212"
"watashiehou"
"67	1.19	32	32	3	12	10	0.18	43	1322	35	39	5362	52"
"mikoshi_fighter"
"1322	3.92	654	656	12	359	852	0.88	1202	351592	2128	816	442249	597"
"okaotank"
"1717	3.78	820	871	26	282	484	0.34	1978	203022	1966	461	356094	126"
"lower_animals"
"370	2.86	166	199	5	95	55	0.2	204	15142	430	200	47462	41"
"willkatz"
"208	3.22	86	118	4	50	27	0.17	106	8461	46	20	30834	9"
"skmswitch"
"174	1.46	71	96	7	40	21	0.16	83	3132	234	0	13290	0"
