"bloodysnowx"
"2473	3.8	1131	1315	27	499	1083	0.55	2176	405063	4654	910	641002	263"
"ehou_maki"
"328	2.82	154	170	4	64	73	0.28	257	20357	864	54	41169	50"
"khiro256"
"2447	3.9	1219	1201	27	690	1619	0.92	1917	642625	4617	2307	600445	637"
"LOHZ"
"1398	3.54	712	666	20	367	632	0.61	973	232068	726	529	288425	318"
"mamastan"
"1135	4.1	520	602	13	314	580	0.71	554	248835	846	382	301552	320"
"cocota24"
"1058	3.41	510	535	13	143	278	0.3	1043	97133	978	289	192258	87"
"DForrester"
"1433	3.92	662	751	20	380	523	0.5	1198	212004	1259	1038	335071	223"
"watashiehou"
"67	1.19	32	32	3	12	10	0.18	43	1322	35	39	5362	52"
"mikoshi_fighter"
"1322	3.92	654	656	12	359	852	0.88	1202	351592	2128	816	442249	597"
"okaotank"
"1725	3.78	824	875	26	286	491	0.34	1978	206210	1966	462	357979	128"
"lower_animals"
"370	2.86	166	199	5	95	55	0.2	204	15142	430	200	47462	41"
"willkatz"
"208	3.22	86	118	4	50	27	0.17	106	8461	46	20	30834	9"
"skmswitch"
"174	1.46	71	96	7	40	21	0.16	83	3132	234	0	13290	0"
