"bloodysnowx"
"3200	4.01	1504	1665	31	691	1571	0.63	2902	637849	5853	1203	933720	358"
"ehou_maki"
"420	3.16	195	221	4	81	103	0.3	295	29428	1053	72	54288	49"
"khiro256"
"2545	3.91	1266	1252	27	719	1714	0.94	1977	680793	4713	2448	632412	646"
"LOHZ"
"1398	3.54	712	666	20	367	632	0.61	973	232068	726	529	288425	318"
"mamastan"
"1484	4.43	700	764	20	405	777	0.72	856	374314	1093	564	440814	375"
"cocota24"
"1279	3.59	615	649	15	176	384	0.35	1257	141976	1205	474	262233	138"
"DForrester"
"1629	4.16	743	863	23	423	609	0.5	1395	285163	1569	1253	412155	263"
"watashiehou"
"67	1.19	32	32	3	12	10	0.18	43	1322	35	39	5362	52"
"mikoshi_fighter"
"1918	4.29	951	949	18	538	1363	0.99	1823	668189	3099	1418	736975	766"
"okaotank"
"2067	4.06	970	1070	27	343	624	0.36	2237	316484	2366	511	444471	186"
"lower_animals"
"436	2.96	194	235	7	111	66	0.2	228	19944	450	209	56113	38"
"willkatz"
"208	3.22	86	118	4	50	27	0.17	106	8461	46	20	30834	9"
"skmswitch"
"213	1.56	87	117	9	47	26	0.16	110	4057	234	0	17555	0"
"jakky2014"
"270	1.2	104	160	6	77	35	0.18	108	4593	81	171	19149	0"
