"bloodysnowx"
"3299	4.03	1559	1708	32	712	1647	0.64	3006	676114	5978	1310	977651	375"
"ehou_maki"
"434	3.21	201	229	4	82	108	0.31	301	30578	1053	72	56347	49"
"khiro256"
"2589	3.93	1295	1266	28	735	1752	0.94	2008	698902	4824	2476	648809	651"
"LOHZ"
"1398	3.54	712	666	20	367	632	0.61	973	232068	726	529	288425	318"
"mamastan"
"1571	4.48	743	808	20	427	827	0.72	930	408378	1105	693	477366	391"
"cocota24"
"1324	3.61	637	670	17	179	408	0.36	1312	149972	1205	474	275682	145"
"DForrester"
"1669	4.19	768	878	23	436	628	0.51	1435	300503	1695	1334	431224	279"
"watashiehou"
"67	1.19	32	32	3	12	10	0.18	43	1322	35	39	5362	52"
"mikoshi_fighter"
"2052	4.38	1013	1015	24	580	1493	1.01	1928	767403	3366	1510	810641	801"
"okaotank"
"2242	4.18	1057	1156	29	387	724	0.39	2341	395350	2429	652	508358	236"
"lower_animals"
"456	2.97	204	245	7	116	70	0.21	244	20671	450	209	58314	40"
"willkatz"
"208	3.22	86	118	4	50	27	0.17	106	8461	46	20	30834	9"
"skmswitch"
"242	1.67	97	136	9	51	31	0.16	129	4918	234	6	20253	0"
"jakky2014"
"311	1.22	124	181	6	92	45	0.21	120	5819	81	223	22834	0"
