"bloodysnowx"
"3084	3.97	1443	1610	31	663	1506	0.62	2783	604600	5663	1131	891011	350"
"ehou_maki"
"397	3.06	182	211	4	75	96	0.3	283	27061	982	72	50624	43"
"khiro256"
"2524	3.91	1254	1243	27	710	1702	0.94	1965	673653	4687	2448	626521	646"
"LOHZ"
"1398	3.54	712	666	20	367	632	0.61	973	232068	726	529	288425	318"
"mamastan"
"1420	4.31	669	731	20	390	742	0.72	787	349885	1093	548	414988	368"
"cocota24"
"1208	3.56	580	614	14	166	340	0.33	1192	125771	1124	365	238611	115"
"DForrester"
"1555	4.07	715	819	21	407	574	0.5	1306	261345	1537	1165	384044	254"
"watashiehou"
"67	1.19	32	32	3	12	10	0.18	43	1322	35	39	5362	52"
"mikoshi_fighter"
"1709	4.15	845	847	17	479	1199	0.97	1601	550438	2970	1232	628657	733"
"okaotank"
"2016	4.02	943	1046	27	337	602	0.36	2211	297082	2366	511	431795	173"
"lower_animals"
"434	2.95	192	235	7	109	63	0.19	228	19625	450	209	55625	36"
"willkatz"
"208	3.22	86	118	4	50	27	0.17	106	8461	46	20	30834	9"
"skmswitch"
"213	1.56	87	117	9	47	26	0.16	110	4057	234	0	17555	0"
