"bloodysnowx"
"2264	3.68	1031	1206	27	451	955	0.53	1979	339972	4439	797	560164	230"
"ehou_maki"
"277	2.61	125	148	4	51	54	0.24	236	15347	644	51	33137	32"
"khiro256"
"2344	3.85	1173	1147	24	660	1538	0.91	1858	596664	4470	2108	569237	628"
"LOHZ"
"1290	3.43	657	613	20	335	560	0.59	896	196402	693	444	250872	290"
"mamastan"
"870	3.81	393	465	12	243	414	0.66	354	156024	646	258	200814	242"
"cocota24"
"868	3.19	412	445	11	109	212	0.28	865	65548	801	253	135442	57"
"DForrester"
"1298	3.83	599	682	17	353	445	0.47	1090	177334	1182	972	287786	196"
"watashiehou"
"67	1.19	32	32	3	12	10	0.18	43	1322	35	39	5362	52"
"mikoshi_fighter"
"1067	3.63	532	524	11	280	624	0.79	1062	218177	2043	460	324796	453"
"okaotank"
"1616	3.69	772	818	26	256	445	0.33	1911	175656	1940	451	331754	111"
"lower_animals"
"300	2.81	132	165	3	67	40	0.17	174	10502	304	157	37958	34"
"willkatz"
"193	3.16	79	110	4	44	23	0.15	101	6663	43	20	28963	5"
"skmswitch"
"131	1.37	54	72	5	29	14	0.14	66	1774	192	0	9739	0"
