"bloodysnowx"
"3563	4.07	1687	1843	33	790	1864	0.67	3241	774114	6601	1464	1091948	406"
"ehou_maki"
"464	3.3	206	254	4	84	117	0.31	321	34098	1058	74	59734	34"
"khiro256"
"2608	3.93	1306	1273	29	743	1779	0.95	2015	708496	4881	2556	659018	656"
"LOHZ"
"1398	3.54	712	666	20	367	632	0.61	973	232068	726	529	288425	318"
"mamastan"
"1793	4.62	859	913	21	471	964	0.73	1145	503313	1361	869	576261	430"
"cocota24"
"1510	3.74	719	774	17	212	518	0.4	1454	194626	1336	545	335908	180"
"DForrester"
"1702	4.21	782	896	24	447	654	0.52	1458	315068	1695	1370	447137	288"
"watashiehou"
"67	1.19	32	32	3	12	10	0.18	43	1322	35	39	5362	52"
"mikoshi_fighter"
"2299	4.36	1151	1122	26	672	1780	1.09	2211	879699	3567	1777	937538	836"
"okaotank"
"2262	4.19	1068	1165	29	393	735	0.39	2365	402068	2528	657	513944	239"
"lower_animals"
"531	3.06	237	287	7	137	88	0.22	283	24811	509	235	67479	40"
"willkatz"
"208	3.22	86	118	4	50	27	0.17	106	8461	46	20	30834	9"
"skmswitch"
"270	1.7	109	152	9	56	38	0.18	147	5903	234	6	23044	0"
"jakky2014"
"311	1.22	124	181	6	92	45	0.21	120	5819	81	223	22834	0"
