"bloodysnowx"
"2301	3.7	1051	1223	27	462	987	0.54	2008	350985	4489	849	574140	239"
"ehou_maki"
"303	2.73	141	158	4	59	63	0.26	253	17336	764	54	37317	45"
"khiro256"
"2357	3.86	1180	1153	24	662	1546	0.91	1867	603484	4470	2172	573134	631"
"LOHZ"
"1321	3.47	669	632	20	337	570	0.58	931	203509	693	444	260642	287"
"mamastan"
"873	3.81	395	466	12	245	416	0.66	354	158680	646	258	202475	248"
"cocota24"
"892	3.23	425	456	11	113	225	0.29	872	70730	854	259	143134	60"
"DForrester"
"1298	3.83	599	682	17	353	445	0.47	1090	177334	1182	972	287786	196"
"watashiehou"
"67	1.19	32	32	3	12	10	0.18	43	1322	35	39	5362	52"
"mikoshi_fighter"
"1106	3.67	553	542	11	295	666	0.82	1091	238165	2046	462	344018	482"
"okaotank"
"1642	3.71	782	834	26	257	452	0.33	1945	179851	1940	451	338541	112"
"lower_animals"
"300	2.81	132	165	3	67	40	0.17	174	10502	304	157	37958	34"
"willkatz"
"200	3.19	83	113	4	47	24	0.16	104	7594	46	20	29908	10"
"skmswitch"
"131	1.37	54	72	5	29	14	0.14	66	1774	192	0	9739	0"
