"bloodysnowx"
"3152	3.99	1478	1643	31	679	1546	0.63	2860	626027	5704	1203	916951	357"
"ehou_maki"
"419	3.16	194	221	4	81	103	0.3	295	29428	1053	72	54155	48"
"khiro256"
"2545	3.91	1266	1252	27	719	1714	0.94	1977	680793	4713	2448	632412	646"
"LOHZ"
"1398	3.54	712	666	20	367	632	0.61	973	232068	726	529	288425	318"
"mamastan"
"1446	4.34	678	748	20	395	752	0.72	809	355896	1093	562	422196	361"
"cocota24"
"1259	3.58	603	641	15	172	364	0.33	1241	137023	1170	395	254280	129"
"DForrester"
"1589	4.1	727	841	21	413	591	0.5	1352	271409	1569	1174	395629	257"
"watashiehou"
"67	1.19	32	32	3	12	10	0.18	43	1322	35	39	5362	52"
"mikoshi_fighter"
"1841	4.25	916	908	17	519	1314	0.99	1737	634541	3025	1385	701824	769"
"okaotank"
"2059	4.06	967	1065	27	343	623	0.36	2227	315102	2366	511	443027	187"
"lower_animals"
"434	2.95	192	235	7	109	63	0.19	228	19625	450	209	55625	36"
"willkatz"
"208	3.22	86	118	4	50	27	0.17	106	8461	46	20	30834	9"
"skmswitch"
"213	1.56	87	117	9	47	26	0.16	110	4057	234	0	17555	0"
"jakky2014"
"270	1.2	104	160	6	77	35	0.18	108	4593	81	171	19149	0"
