"bloodysnowx"
"2417	3.76	1102	1288	27	484	1041	0.54	2129	387156	4595	851	619221	254"
"ehou_maki"
"328	2.82	154	170	4	64	73	0.28	257	20357	864	54	41169	50"
"khiro256"
"2391	3.87	1198	1169	24	676	1575	0.92	1890	618860	4524	2305	584359	636"
"LOHZ"
"1377	3.52	699	658	20	357	615	0.6	961	224073	719	529	282177	309"
"mamastan"
"1037	4	480	544	13	287	517	0.69	473	214505	835	337	265749	301"
"cocota24"
"1025	3.37	493	519	13	135	270	0.3	998	91792	924	289	181523	81"
"DForrester"
"1389	3.88	644	726	19	369	497	0.49	1175	197084	1245	1038	318798	212"
"watashiehou"
"67	1.19	32	32	3	12	10	0.18	43	1322	35	39	5362	52"
"mikoshi_fighter"
"1291	3.89	642	637	12	349	825	0.88	1193	334056	2128	750	428752	583"
"okaotank"
"1681	3.74	803	852	26	268	470	0.33	1963	191069	1940	461	347638	119"
"lower_animals"
"370	2.86	166	199	5	95	55	0.2	204	15142	430	200	47462	41"
"willkatz"
"208	3.22	86	118	4	50	27	0.17	106	8461	46	20	30834	9"
"skmswitch"
"166	1.46	68	92	6	37	18	0.14	81	2754	234	0	12465	0"
