"bloodysnowx"
"3876	4.12	1852	1988	36	866	2106	0.7	3601	884647	6869	1680	1226834	439"
"ehou_maki"
"476	3.35	211	259	6	85	118	0.3	324	36208	1058	74	61561	34"
"khiro256"
"2653	3.95	1329	1294	30	757	1818	0.96	2048	730741	4915	2741	673195	664"
"LOHZ"
"1543	3.64	785	736	22	396	701	0.61	1096	273612	810	637	334824	342"
"mamastan"
"2066	4.76	982	1057	27	516	1129	0.73	1449	620185	1429	975	691221	452"
"cocota24"
"1589	3.81	757	815	17	225	556	0.41	1510	217227	1394	582	362120	197"
"DForrester"
"1755	4.26	809	922	24	461	677	0.52	1503	335132	1730	1398	469592	296"
"watashiehou"
"67	1.19	32	32	3	12	10	0.18	43	1322	35	39	5362	52"
"mikoshi_fighter"
"2557	4.38	1283	1242	32	766	2094	1.17	2463	1035693	3762	2184	1076881	894"
"okaotank"
"2493	4.15	1174	1283	36	428	832	0.4	2592	452960	2794	659	573251	247"
"lower_animals"
"644	3.21	288	346	10	170	113	0.24	339	35425	564	323	84463	40"
"willkatz"
"208	3.22	86	118	4	50	27	0.17	106	8461	46	20	30834	9"
"skmswitch"
"280	1.7	111	160	9	58	39	0.18	148	6334	297	6	23699	0"
"jakky2014"
"391	1.32	166	218	7	124	65	0.24	161	8782	90	254	32018	3"
