"bloodysnowx"
"2228	3.66	1011	1190	27	444	930	0.52	1953	329721	4393	795	545986	223"
"ehou_maki"
"271	2.58	121	146	4	50	51	0.23	236	14877	644	51	32197	28"
"khiro256"
"2344	3.85	1173	1147	24	660	1538	0.91	1858	596664	4470	2108	569237	628"
"LOHZ"
"1276	3.42	649	607	20	333	554	0.59	874	192605	693	444	244869	288"
"mamastan"
"834	3.76	376	446	12	232	390	0.65	338	144999	593	218	188707	231"
"cocota24"
"792	3.12	373	409	10	92	187	0.27	816	57581	696	209	116767	53"
"DForrester"
"1286	3.8	590	679	17	347	442	0.47	1075	173211	1180	957	280333	188"
"watashiehou"
"67	1.19	32	32	3	12	10	0.18	43	1322	35	39	5362	52"
"mikoshi_fighter"
"1043	3.59	517	515	11	272	599	0.78	1040	205882	1975	460	311403	432"
"okaotank"
"1562	3.64	752	786	24	248	432	0.33	1877	164982	1913	411	318005	111"
"lower_animals"
"300	2.81	132	165	3	67	40	0.17	174	10502	304	157	37958	34"
"willkatz"
"190	3.14	78	108	4	43	23	0.16	101	6663	43	20	28559	6"
"skmswitch"
"131	1.37	54	72	5	29	14	0.14	66	1774	192	0	9739	0"
