bloodysnowx
8679	5.02	4303	4286	90	2155	5942	0.91	8881	3729264	14169	6121	3779912	811
ehou_maki
486	3.36	214	266	6	86	119	0.3	326	37526	1058	74	62922	31
khiro256
4000	4.31	2046	1914	40	1178	3026	1.07	3210	1370859	7306	4227	1144561	804
LOHZ
3494	4.59	1784	1662	48	958	2036	0.8	3138	1160927	2994	1782	1015966	615
mamastan
6255	5.74	3164	3018	73	1626	4811	1.04	5428	3692225	4914	3722	3017191	936
cocota24
4335	4.78	2122	2178	35	844	2484	0.71	4303	1421931	3843	2208	1614772	605
DForrester
1991	4.43	925	1040	26	532	836	0.57	1718	431509	1948	1533	542839	335
watashiehou
67	1.19	32	32	3	12	10	0.18	43	1322	35	39	5362	52
mikoshi8
7902	6.11	4182	3620	100	2578	7992	1.5	9521	7168937	8863	8033	5016526	1544
okaotank
7083	4.55	3479	3525	79	1326	3516	0.61	7661	2191896	6765	2357	1826025	554
lower_animals
1209	3.69	554	640	15	297	228	0.25	890	87979	1513	703	180452	51
willkatz
208	3.22	86	118	4	50	27	0.17	106	8461	46	20	30834	10
skmswitch
282	1.7	113	160	9	60	40	0.18	148	6375	297	6	24040	0
jakky2014
2632	3.85	1140	1457	35	768	673	0.36	1072	285915	1581	1621	444826	34
ちゆき -> bloodysnowx : 5.02, 49.58%, 811
えほう -> ehou_maki : 3.36, 44.03%, 31
きいろ -> khiro256 : 4.31, 51.15%, 804
LOH -> LOHZ : 4.59, 51.06%, 615
まます -> mamastan : 5.74, 50.58%, 936
ここた -> cocota24 : 4.78, 48.95%, 605
さいころ -> DForrester : 4.43, 46.46%, 335
RK12 -> watashiehou : 1.19, 47.76%, 52
みこし -> mikoshi8 : 6.11, 52.92%, 1544
おかお -> okaotank : 4.55, 49.12%, 554
jenga -> lower_animals : 3.69, 45.82%, 51
Merkatz -> willkatz : 3.22, 41.35%, 10
すきま -> skmswitch : 1.7, 40.07%, 0
Jakky -> jakky2014 : 3.85, 43.31%, 34
