"bloodysnowx"
"2567	3.81	1173	1365	29	526	1142	0.56	2242	431731	4682	946	672605	273"
"ehou_maki"
"357	2.91	166	187	4	69	84	0.29	262	23048	896	54	44898	47"
"khiro256"
"2498	3.9	1243	1228	27	701	1664	0.93	1944	662486	4669	2388	614430	642"
"LOHZ"
"1398	3.54	712	666	20	367	632	0.61	973	232068	726	529	288425	318"
"mamastan"
"1189	4.17	547	627	15	325	609	0.7	584	267687	942	409	320267	325"
"cocota24"
"1089	3.44	522	554	13	146	288	0.31	1072	103183	979	301	200968	93"
"DForrester"
"1486	4.02	688	777	21	392	553	0.51	1241	243816	1363	1159	361273	254"
"watashiehou"
"67	1.19	32	32	3	12	10	0.18	43	1322	35	39	5362	52"
"mikoshi_fighter"
"1445	3.97	714	715	16	389	950	0.9	1343	402551	2249	898	495130	630"
"okaotank"
"1825	3.86	862	937	26	294	534	0.35	2076	227649	2035	479	377887	132"
"lower_animals"
"370	2.86	166	199	5	95	55	0.2	204	15142	430	200	47462	41"
"willkatz"
"208	3.22	86	118	4	50	27	0.17	106	8461	46	20	30834	9"
"skmswitch"
"193	1.5	78	108	7	42	24	0.16	94	3674	234	0	14807	0"
