"bloodysnowx"
"3324	4.04	1573	1719	32	719	1662	0.64	3026	684844	5981	1310	988830	376"
"ehou_maki"
"434	3.21	201	229	4	82	108	0.31	301	30578	1053	72	56347	49"
"khiro256"
"2589	3.93	1295	1266	28	735	1752	0.94	2008	698902	4824	2476	648809	651"
"LOHZ"
"1398	3.54	712	666	20	367	632	0.61	973	232068	726	529	288425	318"
"mamastan"
"1652	4.54	784	848	20	444	881	0.73	1002	443883	1213	712	513905	407"
"cocota24"
"1368	3.64	655	696	17	187	437	0.37	1355	161463	1236	474	290106	158"
"DForrester"
"1669	4.19	768	878	23	436	628	0.51	1435	300503	1695	1334	431224	279"
"watashiehou"
"67	1.19	32	32	3	12	10	0.18	43	1322	35	39	5362	52"
"mikoshi_fighter"
"2114	4.39	1048	1042	24	601	1570	1.04	2023	797480	3377	1581	842973	814"
"okaotank"
"2260	4.19	1068	1163	29	393	735	0.39	2363	401927	2528	657	513838	240"
"lower_animals"
"502	3.02	227	268	7	132	83	0.22	264	23451	498	209	64494	44"
"willkatz"
"208	3.22	86	118	4	50	27	0.17	106	8461	46	20	30834	9"
"skmswitch"
"261	1.68	104	148	9	54	36	0.17	138	5522	234	6	22078	0"
"jakky2014"
"311	1.22	124	181	6	92	45	0.21	120	5819	81	223	22834	0"
