"bloodysnowx"
"2348	3.72	1071	1250	27	469	1009	0.54	2073	367016	4547	851	594526	248"
"ehou_maki"
"305	2.73	142	159	4	59	63	0.26	254	17684	764	54	37716	46"
"khiro256"
"2375	3.87	1189	1162	24	669	1562	0.92	1883	612758	4524	2292	579481	635"
"LOHZ"
"1336	3.49	676	640	20	341	576	0.58	938	206523	711	444	266360	286"
"mamastan"
"905	3.85	412	481	12	252	433	0.66	374	168143	660	275	213907	258"
"cocota24"
"938	3.3	448	478	12	121	240	0.29	896	80286	854	280	156214	67"
"DForrester"
"1314	3.84	612	685	17	357	455	0.48	1104	179930	1228	972	294523	201"
"watashiehou"
"67	1.19	32	32	3	12	10	0.18	43	1322	35	39	5362	52"
"mikoshi_fighter"
"1165	3.74	583	570	12	308	713	0.83	1131	266030	2068	494	371397	513"
"okaotank"
"1642	3.71	782	834	26	257	452	0.33	1945	179851	1940	451	338541	112"
"lower_animals"
"300	2.81	132	165	3	67	40	0.17	174	10502	304	157	37958	34"
"willkatz"
"205	3.2	84	117	4	48	25	0.16	106	8163	46	20	30378	6"
"skmswitch"
"134	1.39	54	75	5	29	14	0.13	66	1774	192	0	9811	0"
