"bloodysnowx"
"2519	3.79	1154	1337	28	516	1121	0.56	2205	416194	4682	946	656198	267"
"ehou_maki"
"357	2.91	166	187	4	69	84	0.29	262	23048	896	54	44898	47"
"khiro256"
"2469	3.9	1231	1211	27	696	1639	0.92	1929	651215	4651	2365	606744	640"
"LOHZ"
"1398	3.54	712	666	20	367	632	0.61	973	232068	726	529	288425	318"
"mamastan"
"1165	4.15	537	614	14	322	599	0.71	569	259184	929	388	312562	325"
"cocota24"
"1081	3.44	518	550	13	144	282	0.3	1063	101190	978	301	198078	89"
"DForrester"
"1486	4.02	688	777	21	392	553	0.51	1241	243816	1363	1159	361273	254"
"watashiehou"
"67	1.19	32	32	3	12	10	0.18	43	1322	35	39	5362	52"
"mikoshi_fighter"
"1396	3.94	685	695	16	376	923	0.9	1258	385383	2128	885	471161	618"
"okaotank"
"1756	3.8	836	894	26	288	509	0.35	2002	215124	1980	469	364640	133"
"lower_animals"
"370	2.86	166	199	5	95	55	0.2	204	15142	430	200	47462	41"
"willkatz"
"208	3.22	86	118	4	50	27	0.17	106	8461	46	20	30834	9"
"skmswitch"
"180	1.47	73	100	7	41	21	0.15	86	3296	234	0	13647	0"
