"bloodysnowx"
"3383	4.06	1605	1745	33	743	1716	0.65	3072	709242	6275	1310	1015546	386"
"ehou_maki"
"434	3.21	201	229	4	82	108	0.31	301	30578	1053	72	56347	49"
"khiro256"
"2589	3.93	1295	1266	28	735	1752	0.94	2008	698902	4824	2476	648809	651"
"LOHZ"
"1398	3.54	712	666	20	367	632	0.61	973	232068	726	529	288425	318"
"mamastan"
"1691	4.57	805	866	20	450	907	0.73	1035	458334	1247	712	529800	410"
"cocota24"
"1395	3.66	668	710	17	192	449	0.37	1375	168661	1236	474	299588	167"
"DForrester"
"1682	4.19	773	886	23	440	638	0.51	1445	304001	1695	1348	435901	280"
"watashiehou"
"67	1.19	32	32	3	12	10	0.18	43	1322	35	39	5362	52"
"mikoshi_fighter"
"2166	4.4	1075	1066	25	621	1624	1.05	2072	825060	3481	1700	870509	823"
"okaotank"
"2262	4.19	1068	1165	29	393	735	0.39	2365	402068	2528	657	513944	239"
"lower_animals"
"502	3.02	227	268	7	132	83	0.22	264	23451	498	209	64494	44"
"willkatz"
"208	3.22	86	118	4	50	27	0.17	106	8461	46	20	30834	9"
"skmswitch"
"268	1.69	107	152	9	55	37	0.17	146	5822	234	6	22706	0"
"jakky2014"
"311	1.22	124	181	6	92	45	0.21	120	5819	81	223	22834	0"
