"bloodysnowx"
"3593	4.07	1707	1852	34	802	1897	0.68	3261	784668	6609	1535	1104833	411"
"ehou_maki"
"476	3.35	211	259	6	85	118	0.3	324	36208	1058	74	61561	34"
"khiro256"
"2626	3.94	1315	1282	29	749	1793	0.96	2029	716954	4915	2567	664816	658"
"LOHZ"
"1398	3.54	712	666	20	367	632	0.61	973	232068	726	529	288425	318"
"mamastan"
"1830	4.64	874	935	21	477	986	0.73	1189	522047	1378	882	593005	436"
"cocota24"
"1525	3.76	727	781	17	214	524	0.4	1471	199227	1336	545	341350	185"
"DForrester"
"1723	4.24	793	906	24	451	662	0.52	1480	322600	1698	1397	456106	291"
"watashiehou"
"67	1.19	32	32	3	12	10	0.18	43	1322	35	39	5362	52"
"mikoshi_fighter"
"2348	4.36	1180	1141	27	691	1825	1.1	2287	903015	3645	1828	963365	847"
"okaotank"
"2284	4.2	1078	1177	29	396	738	0.39	2394	408152	2528	657	518649	239"
"lower_animals"
"531	3.06	237	287	7	137	88	0.22	283	24811	509	235	67479	40"
"willkatz"
"208	3.22	86	118	4	50	27	0.17	106	8461	46	20	30834	9"
"skmswitch"
"277	1.71	111	157	9	58	38	0.17	148	6286	297	6	23589	0"
"jakky2014"
"311	1.22	124	181	6	92	45	0.21	120	5819	81	223	22834	0"
